4936
22271
21902
416
33
5591
5719
191
531
13647
21701
15023
16289
10288
4572
2690
19419
12986
126
1524
15192
682
17099
17007
18810
2392
12474
21953
23009
5120
23083
18346
23799
10787
10
102
5121
5455
20814
12348
12636
249
5720
18754
18764
931
22092
13998
20825
17495
22694
13851
12493
10567
39
4155
2102
3865
13130
142
15485
5710
21682
17431
17501
5319
12452
193
11748
13920
15394
8265
18791
22783
353
14197
5798
152
893
16467
20087
17233
4395
20877
19713
23000
18404
19463
1471
5272
21676
1777
5247
23687
325
19181
17225
20016
2352
5297
4213
23673
9867
5526
21742
23807
14316
21597
5434
22165
3087
15097
20761
17847
4792
4630
14530
5490
19517
5237
4554
19726
275
14667
20475
22208
5107
3215
379
14314
23285
5577
17503
20662
17609
18901
18967
3503
18068
17097
12848
16892
14103
14223
16014
20289
16363
5261
14523
5583
17234
14531
5079
5454
20362
4680
22549
21199
20235
5342
17210
10067
21878
20321
12878
4741
15802
54
3920
197
6026
15143
22120
20286
5133
14121
14012
24015
20504
22584
